GenomeStart 47
Neuron 1 1 0.00000000 1 0.00000000 0.00000000 0.00000000 0.00000000
Neuron 2 1 0.00000000 1 0.00000000 0.00000000 0.00000000 0.00000000
Neuron 3 1 0.00000000 1 0.00000000 0.00000000 0.00000000 0.00000000
Neuron 4 1 0.00000000 1 0.00000000 0.00000000 0.00000000 0.00000000
Neuron 5 1 0.00000000 1 0.00000000 0.00000000 0.00000000 0.00000000
Neuron 6 1 0.00000000 1 0.00000000 0.00000000 0.00000000 0.00000000
Neuron 7 2 0.00000000 1 0.00000000 0.00000000 0.00000000 0.00000000
Neuron 8 4 1.00000000 0 1.00000000 0.00000000 0.00000000 0.00000000
Neuron 9 4 1.00000000 5 1.00000000 0.00000000 0.00000000 0.00000000
Neuron 10 3 0.50000000 6 1.00000000 0.00000000 0.00000000 0.00000000
Neuron 11 3 0.50000000 6 1.00000000 0.00000000 0.00000000 0.00000000
Link 2 10 1 0 0.70957724
Link 5 10 2 0 -0.69542042
Link 10 8 3 0 1.56532363
Link 7 10 4 0 -0.43098558
Link 1 11 5 0 0.56519337
Link 4 11 6 0 -0.40942862
Link 11 9 7 0 -0.26818333
Link 7 9 8 0 -0.27436717
GenomeEnd

